-11292
-89135
845
17384
97578
-126782
-193624
-538977
74015
-114498
34160
-24772
17289
55412
69703
-77701
226217
774
-8877
-30662
-85274
158246
-215041
1302
11019
-210664
-1474
-62705
-27645
-278734
-24655
41449
14843
57095
-1987
121223
14682
-2405
-4822
-24655
-3439
-33171
-118537
103545
47931
-373456
40606
-185041
-136955
-40247
-93586
-57472
-53679
-39546
-150235
36869
-164829
-80795
-104531
52189
12312
-59929
-5793
1010
-17470
-49653
52155
146351
153453
-9670
68096
-43024
4979
48954
108717
195342
36240
96602
-394894
28118
8106
-2936
95675
5055
36122
-320770
7188
-21059
24078
-33649
2719
53399
-3174
-15617
-338900
-156220
70447
-16987
-26244
40475
-113798
-5232
-192069
-30269
-99088
30381
57902
-219136
42851
-151477
-45186
53726
-32350
25305
175884
-34164
-70462
15360
-22781
-8392
-469546
1150
43984
8054
6235
35850
-85421
-330569
-352055
-47477
-142203
151172
4529
31475
98830
-44072
81825
-211714
56510
-14153
4208
305
4544
3907
-3990
-73871
-47325
-65120
-25290
74229
-15477
-28690
67124
-96896
2508
-82458
-7234
309
126986
-33448
14570
5987
-53248
-7812
-246520
-54532
-2115
101896
27586
-39957
-18057
44758
-244716
-12348
-67082
-332738
-345041
-245692
-31049
-3157
-113494
-224058
23813
-357055
-47495
-27596
62312
-16419
-113947
-157765
-43898
-4489
134431
-21631
-163166
-86892
-59174
-23369
139768
1146
-90935
-22277
47998
51526
-178970
-577228
-87073
-388259
18694
77029
159455
-161839
139857
-413
-4108
-51223
-158580
46497
7081
-23919
17998
152680
21105
-23870
-177214
-58841
-7912
-71158
-259789
-22370
-75112
87398
-129264
4683
204324
-86433
93552
-238411
-97165
5142
-204884
-30919
9193
-8836
64580
-39138
153816
-32705
110591
-156185
64139
23168
-3193
-45345
-258244
1257
-105919
33064
-306913
-107447
249388
70378
-359917
7563
-280138
-156176
-14266
-106447
12367
12975
-3083
-6458
-201498
137410
-115861
56
40793
-7260
9080
5516
-43905
30984
48535
-12826
-147636
-81088
-2472
4726
-52360
-155209
137184
-68961
982
24634
16413
-193983
29446
140035
-10554
31830
8903
6043
-156091
11140
-5460
282329
-65413
17919
-27098
-163077
-30945
-205788
-48539
61321
195082
1697
115889
-250593
20982
-32732
42740
-57795
7801
-149169
54428
-42044
-6015
-30105
21851
69929
-3591
31686
28175
-86409
169329
-204915
-132683
-219523
27458
-34686
43232
87770
52602
27633
-140155
-25494
40884
9007
43886
-35638
5953
-20825
80366
229514
-66008
12791
-204862
-35884
-41659
-226349
5334
147053
82310
-182792
-45437
-6020
-251139
67402
97417
8189
-250890
21705
-214919
107178
-287118
-135931
12325
58601
-631
-68490
50097
40802
3657
-535633
-627910
-17856
-22881
-54124
-14090
-121575
107104
-35915
5564
63957
1873
-69313
5093
-10323
-29881
55595
15296
-42631
7471
-106591
13746
200560
46435
-300508
-42169
-26690
-145054
-96623
-2081
-147187
-240104
20040
-119546
-34246
-51436
-20699
-13209
165590
31126
-17107
-57595
33677
-64614
-2134
-8826
4200
-96889
29048
5905
-1177
21579
-122924
29380
13387
-271201
-410668
42728
96353
-105071
-7183
-16628
209444
26580
-59919
-53088
104360
4337
-1255
7313
-111900
17718
363084
37951
54791
-26722
-120636
102152
-59339
-395098
32978
-24794
-239820
23456
-321706
-47392
-7403
115662
-58702
-14398
-41771
-205957
31210
45213
5374
77726
72857
76716
-414371
-7073
8981
47347
14159
-67030
85660
86760
8140
-308504
-60681
193873
-170927
-24707
51825
-137
13516
-119699
88046
34205
-7036
54994
-109461
-59291
32986
-100298
-2251
4092
84894
-205911
-22209
-63417
195560
-31357
836
-313817
-105061
73894
20575
110146
-178909
229973
-89530
-179532
-13564
24833
-69458
199273
-389406
15709
5804
-77067
1650
29848
-26910
60081
-4896
176276
-3573
2894
48490
-50940
24376
-481145
-108962
40932
-59702
33141
-28079
-52285
-35968
7109
37524
-34825
-249379
37863
119659
-3142
-2225
53171
89225
23723
-87281
28150
-38233
88025
-61584
10545
109807
126367
-69089
-10298
-90838
131702
-26550
-53912
-35348
8134
11795
-241437
-145760
24831
-79423
-2977
40817
-54393
-15316
-39047
-66308
156254
34914
226038
-671
76742
-155920
45549
14652
-2685
74410
-36399
-103939
-7489
-161518
-327247
99127
53961
-29061
-249178
33338
-211741
-227546
23221
46807
13911
-250683
254485
-209674
61220
9245
-333941
-117928
16726
-74213
54120
-222964
7018
72422
-33928
27987
-33202
33639
-56893
-38552
5008
-8808
33911
-38250
-12510
-226103
114684
-97544
-49990
276010
-224558
-35043
-47682
-42101
-185960
2444
-20209
25877
209285
-44355
-94425
-174933
-23130
-2941
-133343
76647
-16907
15851
-153965
355251
-1101
-57588
-177771
-234139
-4909
-2259
47178
-52546
6733
4043
8950
-38369
120067
-22938
-69046
93002
53024
-237456
26467
114993
52942
-290079
-40809
90445
120468
-3756
-34228
92142
36668
-126735
-35834
24641
-188943
-55022
2277
42984
8957
-19283
-16742
-3474
-54290
-83765
-61878
-71653
55946
-25724
76350
-427
-311452
-38147
62081
48825
-53242
-204479
-36031
-115751
66887
70329
-188833
33100
-315527
-23530
17749
-38287
-10675
56405
13470
-52918
16398
-16379
-3142
-120921
-54
-30435
-264833
12542
4103
-58927
47469
21123
-60261
-233491
-29905
28705
49194
-7427
119445
-40138
68524
-2044
-316570
-46655
-39693
-37001
-24635
-40465
80585
-58146
76347
31089
-165057
-33865
-119170
201335
178197
186716
-8458
4382
-9242
-60330
-269816
-26521
-4171
-36169
-403957
98584
28554
-135656
3583
9297
6156
-26209
1014
-65182
36370
17309
26523
-12189
-25884
7708
-155321
-146994
-1653
-56873
-13507
48497
14912
67027
154658
-92395
15091
-151427
-74792
-14350
-8963
103551
15693
-280631
-21064
-62687
89020
161869
26701
32614
-135349
111477
127986
60367
-50074
62513
-16510
-14238
41399
167499
-31285
-19450
-344377
36939
-292175
75263
23078
406
-45066
77112
-10321
-292181
-134717
-134282
-32405
-38033
22552
-11249
224356
16111
-165191
36661
-22960
97818
-17167
-58136
-11543
8133
-58773
-81574
84256
-19301
-6991
-28707
-240043
-27996
69316
22129
-6648
6196
8878
8725
-194168
-59079
-85735
-36305
-26020
-32291
100060
-58584
-353814
36189
-31546
-18725
402
28177
18196
38114
-351499
-7064
-18599
-131428
-45981
133836
-9924
-100527
-81172
-40543
1568
-55825
2878
-10965
147429
147424
-7070
142818
9045
-95766
-15285
108339
22786
-9140
-90873
173493
-81162
-25815
14278
-350177
-70784
-100097
-3568
33327
-13269
12430
-177249
7563
37911
13672
-8264
-23975
-21308
-591454
-64708
-67927
-371878
2082
27383
39151
-14679
-134692
-48505
9640
11083
4169
-347522
1396
3209
-27524
-133584
-80754
-5337
-1668
159538
-278405
40332
16661
-113379
26130
74962
-44393
54724
7227
-55219
-11533
-23533
-250185
30562
-13369
16562
-36176
-101427
26519
-97671
-308579
2126
-98283
-27542
16155
-108814
-83632
-28018
245645
-43924
-3911
-9920
52437
4085
-7526
8479
-27205
89398
-52846
-222288
24527
-2850
-16572
-151811
-192782
-86563
-1178
-19202
-3071
-49605
-24419
-18569
-4122
-11162
57150
5295
25399
35176
-52654
93662
52593
-37722
-819
-194595
-105040
13345
-26050
-3435
-52383
-41906
-6465
-7119
75573
-34572
-45284
-67311
-42403
-10656
-371426
-26709
24668
-55084
-2478
6366
-109192
193767
-36703
-157300
-100218
-134352
61390
-69538
17415
8425
-318471
12941
-42835
-145180
-305164
-84544
23911
134111
90401
-270199
19108
177384
190172
-261989
11744
-12009
4283
-44173
39776
-3615
-24864
-321581
-49776
207762
-31553
-15880
-105589
8500
59315
46284
26445
15874
-59365
-7268
-7492
-247773
-2383
5515
36352
-29607
-83411
-77303
-90621
171085
7326
-134929
-51607
-175508
2083
-42035
4105
-213405
15130
-66023
37191
35227
-288565
9329
15042
-344101
170239
53600
-63605
-401101
-54052
882
-58560
-1126
-78332
127049
-31206
-165583
-288889
166891
110209
8055
1349
143319
140095
-377052
179690
-85142
12962
69406
-4814
108242
-90430
-9427
-85997
-208122
-167057
-31189
-33942
-387091
48430
-61793
100659
-263941
-24929
40063
-26434
2598
-42256
-218954
15647
41347
-8518
-52875
-4157
74073
-157596
-16734
20626
76844
-290067
-153215
16410
210566
-19370
14046
-125861
-240895
-167847
9962
-9537
-10420
-20822
-4894
207291
-71505
-189963
19299
-37295
84210
200228
-215693
-40920
-14047
-46044
-67655
-375275
-7973
-503
-104999
5485
35534
-11983
17458
42971
-124005
-10749
-17372
-19204
-78982
31523
-331182
14350
39201
-8587
1626
-264146
-365331
-69171
12629
-332502
-34598
-58611
38766
-6316
201361
-4645
27543
-18330
-280233
13913
-212187
13491
-99173
-151787
49852
-2463
-81446
158281
7936
-177020
32540
-220284
-114454
-7158
-190592
50207
-15125
-465514
38459
426
-135222
115690
-264929
173195
59395
-42325
-19241
-21503
56472
-2385
-399615
-84761
-108936
-57070
102957
3191
-3212
-262759
190398
180358
-40123
36349
89627
18767
-15790
-16167
-154519
10819
-51481
-46678
-10202
-87376
34259
-45045
12410
36788
-244928
-87963
55557
-5380
2882
2226
45014
50731
17965
-11351
22306
-19128
-371827
-38240
-5347
-49772
-31024
3433
35112
-92093
-9574
34313
1497
-44419
20847
-296899
74900
-1035
19944
70554
-103315
-17636
-286046
-74849
20677
-82985
-232398
-27445
-278806
186200
-135572
-539694
-12022
-42178
23443
74340
-68182
7321
-165690
-12386
10903
-77792
137388
-52581
-148872
182201
133776
-172780
63866
19905
9069
36084
-801
-38396
-8683
-38035
-141576
-7855
37840
-8258
79222
25133
-76446
156571
-7467
10052
-7086
-83971
-237224
-129493
26404
-188473
-4984
-151523
27599
-30416
43535
98676
-68884
-6922
-20568
74108
-173964
206077
-14226
-12170
-49548
-272517
-196241
-62563
-79106
-20025
8744
32860
-329569
-79148
-14321
-33039
-22201
-156452
-23590
4335
-10726
33851
1461
8318
-81884
-9223
68121
16357
-124829
-10547
-179393
-64999
-252040
88525
-18100
-20015
-3572
-34878
31307
25329
11051
18899
2364
-92307
86674
-35585
38534
93
20945
-108619
14794
48323
-52065
-25866
-42497
9715
21383
11684
-6649
78281
260191
-414258
94817
-159547
-45704
-260049
26878
83982
-35840
-7977
-5299
-104652
70954
-15931
103778
-4391
-165059
-113888
56548
-227493
-10617
-60005
-150300
60363
-36991
16095
3900
-48213
-39229
-95493
116327
192604
-66495
31380
2122
-162064
-16879
42745
26413
202198
31146
77411
85810
-30876
2908
-17185
-16320
-195336
-191650
46758
-11632
-141751
-10724
14105
649
120562
16709
49192
144235
-6674
-12357
-22030
22605
76768
76988
76136
-1914
-160426
181695
-26548
8598
-17065
-24158
-37404
-241988
48707
9365
-10077
-59857
-4401
-37025
16178
-17891
-3173
-33115
21874
85054
12451
-92240
15878
101321
1147
-38110
-96810
-101659
-51135
3548
-172937
67871
-110011
-6018
-103216
68792
-4725
-13582
-263324
-47540
-152824
64185
-60768
-140643
-165286
-68456
2719
13346
-66566
19720
-157671
-52163
-108318
-25551
33636
-907
15393
-22422
-103698
-57471
44005
-305556
-80898
40601
-17091
-87307
4698
25337
-63389
18432
-175975
106326
-20301
39023
2354
-205700
-56337
-7929
-256534
50868
83330
-193888
49307
-93914
236878
-12990
19644
-17465
14978
27833
-190526
16199
-103649
-175580
-28388
-13610
5417
-7835
-4165
7560
29071
-581
-55941
-122136
-2375
-58538
1305
-299198
-47179
-17761
-230524
-3439
-55502
-76698
26505
40147
-308475
132992
90514
178793
-15884
25752
-51076
-323389
81317
200793
-11495
-23900
30710
17235
116227
-235460
18449
-283406
1737
-79688
-7548
-84749
-13795
-1679
700
98507
6254
105233
-60871
137326
-4558
-739
-60356
92497
-79261
11094
-103748
-274769
123721
-57287
-11351
-51002
168293
-23750
97731
-65870
-92281
-261641
-10073
-144722
-112246
-2193
-28127
-29051
-201980
34798
75768
-22883
16249
-33992
-159831
-332282
-3900
36257
-510127
-254111
42324
-30678
-155137
-188399
-56769
-62060
92913
23059
1398
-59753
73226
-35301
31858
-103114
1722
221263
-238105
-861
41463
17524
3476
-86975
79379
-195650
25390
-52279
-2461
-5320
-265727
71883
28004
7383
-57497
18344
-78571
-73354
-1328
3973
-35986
14198
64757
-50764
-79364
-17435
-43747
226799
21338
-139108
53045
-50428
-61996
70707
-217472
47477
-49861
-2152
4934
-218208
17282
-3852
-23162
-401720
44430
85033
10231
-253236
-9081
-808
-287656
-170649
33855
-295
-406380
3061
160745
63797
46351
-130381
35463
-27819
114870
76083
118741
-118410
-236074
155614
38702
1793
174365
76379
-93395
-258729
-148374
-15194
3144
-24049
-110947
101566
-435448
54427
58377
-325080
-9852
-776
130680
-50693
57129
37644
-745
8587
-19938
11786
-49140
38892
-25200
73373
19868
68564
23166
-15201
-84768
51400
115833
-6168
-62806
19297
-14354
-46111
-81628
-15607
31954
-13594
4525
-40508
25316
-27531
-33964
-127535
242573
17525
-59410
-86020
12032
-26890
21841
-25069
-115844
-28179
-32800
81235
-2087
64274
-4642
-110507
1146
2236
-65659
7326
104271
-57497
-3520
3592
-35828
-5227
71228
10899
48269
-23147
114306
147992
-22896
-14199
-106138
2508
-25279
4640
-18429
-2421
-115056
-116574
-5984
-122559
-308165
-17938
-177767
84221
22951
9156
-96903
-328890
5672
13909
85686
73015
159256
-11320
-164154
-74142
-81627
26459
-211710
19063
-81121
-564
-11791
-214540
33701
54952
36965
-5016
-67567
-108112
9270
-31259
19989
8494
33068
33553
31353
-50254
-127447
-12605
102911
21597
1780
-187257
13647
28274
52718
-43766
-14309
-114701
246589
29678
87413
-14840
-16924
-31742
76219
-26492
39935
-118757
-156542
11001
-7117
-105725
22875
164731
-2153
-10192
19900
18898
-147040
-161259
33565
-26280
-118620
-33612
-5803
91681
-59181
16528
-301569
46717
130713
-37921
-4073
-85580
-43350
-202119
-186505
-50131
8348
35152
-9040
-259935
-34474
-19545
-161392
74043
-49127
29416
-35636
70860
-279349
1231
-14768
-180389
-48073
-49710
41760
-122636
85820
428
3938
-37651
-47539
34793
22205
18051
115130
-13227
-9525
73411
-3128
32319
89363
48242
-161823
23939
-127170
-288
70110
65548
-99711
-64792
117719
-1935
-77030
-118222
-172414
84482
-26761
-98491
-5307
-31932
-17481
3904
22783
186728
96345
-38899
-178804
-46589
-211823
39069
-245604
-25882
14322
-81587
-285
-186878
201478
-36583
-14583
-289319
-155431
-170333
22584
-265920
-16814
-76948
-6061
-6758
138683
-222910
38417
-116115
67023
-2635
-27303
14337
-16308
-31784
15817
-1133
-34666
-14073
69367
-6112
111710
12756
-176650
195584
-289261
-146278
53873
55873
-5345
-141974
-31343
123818
16622
-78445
-156655
31430
-194277
-15598
74002
-77349
22152
83669
-116154
-85426
-18830
28527
-28833
-63800
-23647
-10541
-270956
-80670
20405
20805
111566
-35186
-61594
-397684
-29897
95548
204440
-6884
-12627
-92319
1842
22198
42110
37376
-142518
2944
-3781
268204
-99786
-48799
-20450
19457
-104806
-89119
4460
-86300
-4573
-82883
43719
-167636
83384
72538
181269
-18213
-173253
-38112
-58562
-7155
-44261
-22036
157421
17319
71471
-168788
1875
72418
30095
-396991
-34693
63086
-259191
-14685
-20664
72175
-161731
-117348
-836
119796
-28960
21510
29940
-404346
-3895
4946
-159072
-21502
33495
-206284
-62318
-80327
-12798
-30984
36185
103138
27256
39098
-178553
10862
-45872
54602
-159823
51456
24176
-20183
20530
-85608
-10917
32335
68826
-2205
-262169
10578
-193037
-29431
-93623
25174
-108182
-28868
-272611
72049
64677
1846
9278
-60003
6521
-598821
-31915
70723
-6877
-16902
110420
58604
-17839
-190086
-134223
-101596
-83468
-124550
46918
111079
7831
-183823
-166006
-92784
-74548
-107824
-13821
-49738
-54779
-266425
3325
4834
57277
-9427
8268
-127967
-31832
-137892
56285
46441
66722
17097
-24482
-30225
-80504
25282
-178984
104756
-54558
14211
-163445
-257229
53644
16262
108551
147581
11744
39319
27371
-22798
-54343
-44197
-40577
293710
1711
131386
-11383
-223906
-63018
-56068
-13608
5503
-89499
-18872
-134088
-2094
-54256
23713
70846
8003
-189919
21237
-52937
-33826
72534
-13149
11845
-177231
50800
-138776
-183135
47144
-48356
-6807
12175
29394
1108
8098
-255184
-32895
104360
87638
33145
45445
2396
-61667
83473
-5695
4613
-135317
-16961
113543
6147
-5079
-99368
-40939
-186756
3491
-41985
11214
55496
107729
324066
25172
-4277
39013
-202647
-440785
45943
-253743
-156199
-131496
15609
-72062
-63620
-42969
-41809
24979
-157806
-28733
-35855
24593
-1939
-181955
48573
37212
23034
-18686
-24374
221794
60355
81264
-79879
77262
-120562
-159691
-23389
2642
-164177
-32754
-188839
81569
280295
-36775
42481
37021
-130925
-151928
190524
-34619
-263088
61961
-192777
-154915
74039
-8055
101405
59420
-15194
43659
-26296
39033
-4497
-7604
-412597
23173
59576
-190102
-71572
7975
38057
-18136
-24693
12621
-23544
-27161
106502
-19611
-24249
-8841
-145913
-32368
-37490
-101525
-15583
-7221
136324
96551
5477
13336
-172801
-424
88936
-262141
16211
53567
-61825
-5687
-12704
61186
43492
-51998
124075
-55386
-8426
10007
89832
-107873
-391635
13120
-47855
37665
-205867
239701
137059
-66380
25192
11624
5425
-2537
-65881
27453
-373679
-384612
-5711
-297684
-7709
-193822
-488
-37127
108264
-35452
156610
-24580
-30609
-107818
83477
126795
-40588
21996
-21333
24394
-51671
-14213
28361
-167736
7952
-4846
-38173
-206827
-345567
155765
-420912
191321
-29013
-188366
-32389
-5231
22499
-335808
-166300
-44441
-36045
-72941
-193119
48517
-60898
27642
132581
-38295
-14075
-8665
218
-126060
-187898
-50021
-51133
79817
40167
-11485
-186456
119604
57121
-141932
-128185
-27138
-295379
-3926
-241511
25521
36848
-220694
149608
105946
-25615
-33814
-78820
38621
41792
11972
21439
-119402
25914
-165700
-34714
-102829
-34331
26125
-7968
115507
141886
-33744
-61712
1773
84804
-57384
-43199
-390473
-67933
-15847
-313586
-11988
-152201
190140
-37056
-64032
13728
-210651
-11053
-16947
-514872
-6117
28360
-10621
30174
-404
-237166
-32070
-28513
-87079
-34478
-280995
39333
64596
-13781
-134601
-132165
-14369
-210050
-275997
-11497
144264
76274
64244
30816
77444
13891
-104749
29634
-61881
-3509
-191718
-112654
26547
-39290
78542
-12401
2497
-25403
-111102
-13134
-12025
291065
-37245
-181925
-65701
-406446
72336
9513
-375627
-326682
7406
16475
-121702
-7859
119664
88462
78828
-19197
-83995
-111434
-1582
7409
-38922
57478
-24826
93923
-2680
-51127
-127179
-124116
1168
-82189
-29042
-74206
41818
5695
33687
14871
-90984
69348
79026
-406782
11479
-151039
104458
-234990
-2592
-151896
-248815
36361
271677
-1286
-200715
-49419
-311989
-24440
23513
38763
-7000
27072
-177743
3798
-67282
1680
-58486
-87112
-337036
-66264
-248261
67296
-188031
106212
-34972
-73449
-43773
-3674
12887
-509286
96637
45309
-27950
3590
-36779
-1654
-30441
33838
34606
97429
-1123
-101155
-14854
17683
-10056
69291
16354
-96431
-39334
-84621
-71698
-94124
30631
-50634
-30798
-18359
97488
61549
74567
34110
-310758
110363
39816
8107
71301
13804
-18598
-69984
-484511
23548
22424
-30728
12472
12261
-194219
63638
15367
-1307
25453
-15943
-26719
-146183
6841
-223183
2260
-70008
-604594
-24005
229755
28690
-2588
-98643
526
-30446
-120259
34878
4932
-160075
2130
-115513
-283390
14351
154567
-66177
-68230
12738
-35913
-36172
-9395
81131
-33852
5493
-102893
-25416
12445
240632
-32698
100816
-96892
5946
-16927
145539
-269256
29083
12862
-7657
-54705
26131
26434
-13652
-201657
-108351
5509
19114
-159425
-125029
-187108
7254
64987
-437634
-17915
-60582
12112
-79844
43527
-82782
7459
-48413
-134490
-30957
-19492
-15709
-10283
-11927
22454
28512
63823
94319
-48051
-304068
26453
-9708
38538
5898
-294485
-208430
69840
390
-307794
34864
121327
-64476
57924
38079
-68490
-106494
57868
-100641
-31600
-80838
23306
42480
-459771
-79922
-94208
-93684
-43811
-42742
-25542
41099
41964
-18784
24324
-35986
-28956
-324953
18508
8180
-98125
10453
-441284
-20316
-18261
-136996
-57372
24475
5854
-80287
-244936
1337
-177245
-20005
815
-356560
107638
-224331
90399
298085
-28990
-29411
10808
82401
-128399
59830
-49866
-54173
-11454
-116486
-28986
-9620
-8626
206089
114942
-42627
-226865
-13459
-233899
-1127
-28889
-25708
68347
136043
32308
121796
3674
28966
-41589
-2404
3933
1885
-73498
-64312
289928
82458
-42715
74747
-33447
-215831
21006
-131958
-114908
-110349
-79576
40608
32529
-20532
63193
-63059
-121098
-27210
-98468
-18898
-3264
3597
38927
-65414
63665
-36707
10373
-329934
-129332
-18414
-17851
2777
-179304
-74221
-63703
35516
19600
-17935
-401268
-78346
-87978
28228
63923
-209729
-69988
-145512
-74747
-17868
-1136
-83271
-135263
138772
-100789
143606
-84576
-248389
1364
-49162
-79479
-28599
8664
18061
-2885
268940
-26430
-234479
43140
-140836
6175
-162457
36917
287046
140167
16195
64333
-150832
-149743
-96542
87809
-33370
-19206
-97788
-94974
-8380
60141
-239568
16976
-13488
67328
143892
67861
71525
110226
-84060
-25664
39347
86903
-25733
-5239
-30770
-112879
64283
16510
-184937
149839
-61535
-210827
-7657
-101139
43538
-1175
-121270
31641
-126853
34980
-21713
-335572
-939
-15714
47350
-240835
3235
-4770
-30688
-11162
26426
-200944
-172339
-46388
-194467
130551
-116168
75844
2662
-37469
-12588
-144116
-77676
-134493
12468
-63698
-116091
-50740
-114672
83145
-70863
-18436
-22167
-22148
-24379
-139727
9681
60
-328132
-447377
12778
60797
-58280
-25795
-23523
-71749
113073
-63924
-3747
-29781
-31035
68782
14427
99101
20463
58566
18750
51947
67281
-92155
-215476
-12618
-68481
-80971
-231737
160309
-3420
-59807
-234171
62080
21201
-38421
-117630
-55231
4283
135201
-2087
3104
-14147
-45035
10752
-308519
-237019
-285624
-158781
-2359
69348
21947
-80335
143585
-12602
35688
33329
16978
-14381
-54287
-58790
31699
181248
-14182
-80718
75092
-133194
87458
9204
-36827
-186122
-26445
-318857
81958
-10625
-49194
-11676
-61435
127132
-209981
-40926
-107300
-10748
83666
34909
80257
-145922
-7238
11122
84161
-9031
37398
-14965
23582
11717
52220
-229389
-13012
-198
2929
-1991
54090
-2566
-9516
-7180
-923
-224043
35568
42346
6549
52764
-8834
71991
125710
65768
50132
182952
22667
-1733
-161367
111746
133584
54723
17368
-93314
12206
80973
-19891
-3999
-131962
-61590
-288480
294
-63246
55057
13888
6607
26358
46305
-86352
-73151
5232
-14349
-194619
-20470
127536
22843
-11839
-158679
-12387
-146434
3041
8558
-36361
100521
119820
-18663
-87865
-412888
77522
24862
-8222
-100124
-147477
-331041
-192250
-421067
-238766
-240916
53608
-100072
-36816
-27548
-64629
-171288
-6083
-153551
-45003
-214831
51352
68564
-48905
-75911
77635
71026
-202277
66690
20603
-16622
76969
-35915
1216
-40720
-19538
-7450
88023
44882
-149726
-17875
-67145
-216117
-2649
-4539
-216185
-91702
20461
-34036
-24245
-344101
-131780
-73450
-9266
42
34404
-195162
-32494
-2693
10549
-199555
-491423
-21476
-118499
17373
-30850
6068
-13600
-63632
-198489
33008
174322
-60995
-158489
5194
-58924
19115
-36465
-118729
9102
-4619
-185323
-12154
-5042
-5661
-98008
-61659
-215617
-1763
-52933
-12753
-172462
224572
8180
-145929
-608515
70654
-29879
22897
28092
70878
-2970
-6050
-11980
28881
-97910
-51338
-28038
-106115
66802
-94756
54880
-15014
28577
-5672
83328
-115
-63201
60809
97196
63619
-135231
-91600
53450
-73158
16747
8449
8621
67819
-17499
-79716
38633
-20986
-123206
-108247
-44609
-27346
-84490
-7383
12823
-6104
-113389
-30935
-27168
150511
46287
4382
258289
33469
6140
7959
-23556
-451445
-202060
-59314
-398117
-308613
11183
-94159
-12126
-85927
-63284
50260
20015
34393
89700
319294
-36557
50799
3215
41197
-8417
-201070
-108204
-91296
-26424
28041
44721
34584
62404
89100
197365
-20810
113815
-30857
-123678
-17233
-24298
41347
-55440
211932
-230511
203277
36517
-7186
15223
34166
-16787
-212676
-390053
75542
-120740
-62927
1194
2883
128928
-87687
-59417
-178311
80942
-145776
-7906
-159927
-38738
94475
2366
-106169
-196328
-174692
-107047
-22119
105552
5595
-280917
1426
-97979
-188782
21034
-131868
177703
74874
-57863
107861
18423
-10195
-59976
20865
-59000
178779
-491288
-403616
14504
-339726
19401
-52142
-1834
97682
32673
-25446
-58736
132843
-18951
41464
-19904
-74995
25752
5274
-144999
2449
-2100
114150
33049
-19200
13196
-153812
-14288
1838
-128334
-161216
86236
-115782
9242
-84725
8857
-84060
12280
-112987
-42384
-146490
-170271
92155
-51231
82762
-268853
-47719
33021
-419315
11805
-181129
-70026
34563
-108875
-101166
-42821
-184730
-142925
-58343
8029
-359072
-123391
-39598
3696
176883
39118
75105
959
33085
-15664
10533
-79771
18334
-73742
21526
51001
-270781
-140802
72996
71948
31848
55444
-8111
30906
14061
206657
-269541
20647
94881
27950
-224904
-43215
403
-78395
49297
2721
-238525
119768
-229213
7488
17992
-133034
-254881
-2127
294220
9230
-9364
-32269
-21766
-3201
9232
-38538
-113000
-53025
9627
66171
-34385
-13863
48120
-51510
290869
-394567
123882
-49190
63495
122122
-145719
-68033
3109
96535
-23354
92864
15919
-147920
-59844
9098
67294
-480734
-20527
103059
-25295
-111801
23351
-184197
-144739
-9397
27137
-81983
-130475
-6759
-62135
58082
-13562
145273
-31118
119280
-100156
-21718
-295073
-59040
136120
23423
17568
-34644
-31225
-25616
106040
-3697
-5254
110737
-19666
23562
-34528
-64641
-71078
-18196
33116
-7715
15839
42787
-132681
-7135
-6
26327
20968
-5068
44343
-449201
-29733
32462
-36016
-136734
6990
-31303
258614
-67672
72778
-36991
-57443
129460
-7669
-236780
-10922
-77042
44843
-7180
19687
18842
-120282
-29944
-97122
-37628
-6486
10547
-51015
6220
47338
-168430
-4365
18763
-33515
6297
-50672
5569
6839
49998
30452
-64513
331810
-42160
-55668
195521
-6233
68835
-178205
-74755
-198054
19804
123726
62505
-21258
3563
34700
254265
-111360
-220878
-11211
-83589
-90101
-58635
-190992
-2781
-47742
-217501
-424149
-23435
141049
-78095
-20819
-8741
13512
-13261
7677
-60805
7502
-22150
-16049
106445
-33542
-15055
-3637
-71399
-26546
-40855
2370
-33259
5664
-36325
-12180
-398533
-39864
127002
-32428
35547
35369
-42422
-1936
16080
-19377
9559
-11183
17963
-21844
26213
-206105
-30395
17500
-189044
64260
31475
135701
187023
29682
-164121
-58943
132705
200220
-42747
15859
-29586
21848
108387
15859
-3008
34217
-30669
111118
-21730
-42711
74275
-505622
328709
26371
-78081
-12242
127644
126682
-121526
21423
-36732
52020
-8352
-2888
-25558
71481
18105
-7910
57967
-55545
9587
77587
-106235
56145
78617
-21773
178947
-264195
-19344
-7825
97411
49905
-240651
-549390
43529
44815
-48255
-34850
-10149
4519
-181836
-92587
-99860
11885
-21725
-58872
185540
-104650
-56449
35773
-48540
7364
-6701
55339
-3442
15898
-187544
-183949
-3752
-44580
11632
-139530
107044
-22708
347109
-52202
157407
-68808
-68825
10769
-47134
60132
-56354
-75177
3137
-44422
26350
91475
146992
124879
-168352
-197152
-55410
54353
-16467
-15181
-261590
-96924
-133669
-75432
-18219
-29633
-43684
19251
-75738
-62122
23658
31274
-7585
36702
-34449
-59791
-5336
-6290
132010
-124646
-77605
-34749
-28202
52403
2072
125247
-24598
10924
-5368
-28104
-113614
-67493
17402
-13938
26994
-9427
1521
-121949
-90025
-17017
101997
-61661
-200112
39223
-22899
-456335
422
-5459
-117763
-57490
84953
-53703
-283907
40423
85949
17825
-114267
-31748
-83291
-38695
-17459
11673
-25927
30041
18113
-131409
215354
4060
28870
-207892
-122617
-3836
-88514
12766
19537
7513
-5700
6494
55068
-282945
-711
-145183
11144
-58483
75249
12964
-240763
-280706
48184
81261
-115483
8580
25652
-34117
-48864
21525
-22072
-83118
15700
-76
5490
-64489
110830
-109768
-143580
-5492
-5358
70663
-11809
37490
119973
2773
-58770
48227
-183724
-16230
142668
11902
-208529
-213381
-10206
2750
-167346
-63314
47871
-76666
-15746
-56637
-48221
-173533
4883
39592
-71389
2754
9708
-60473
-8540
-11187
-29033
-52659
14393
-88552
108773
1975
44774
-130013
18714
-200299
35879
199044
117550
40213
-23613
298716
-266567
-316896
-277983
-395828
-97
-149501
-26712
-10316
-575239
52249
25870
46911
-219507
4426
86875
-153469
74974
-39553
-179175
-32388
848
6924
-13381
31572
20848
-241872
-66028
213530
150432
12943
-1258
69827
-34442
-285305
-49931
44402
-178115
211350
101855
68188
88115
-84656
96821
19547
30413
-76156
-93708
102595
36939
20405
78057
-17869
-413489
-236581
-36979
168333
-448847
214582
-140086
-32045
65017
-61534
98628
-87761
155515
69074
-36310
-376205
21229
-108081
93746
2862
2566
-8648
-54453
-14158
-525119
-243394
25237
75176
-118626
33479
-19069
2403
-443
-226370
65948
-9932
-117483
-6226
-197256
-134257
-38976
35426
-19531
-183872
189354
-13520
-158670
55099
-101313
-28770
58601
-383952
-1371
-24272
-316243
-65470
20941
-20524
-50944
6460
-56222
96699
-24397
-59162
-23493
47628
-16776
19106
26113
-67763
-133053
22192
40660
-56176
-87581
-143936
-3913
-12579
-43613
-115278
108761
-124288
487
-9322
-151766
12202
67271
183099
4286
56356
-72046
58207
-3933
28848
6175
8351
-37739
91143
-53041
111977
-146280
102282
33634
57462
-53746
-56233
3723
-83691
-334092
-22195
18461
17647
777
44927
-21308
13281
-116274
87098
-131654
-107381
111807
12093
-303351
-13441
71254
-4346
22235
-193437
-97841
-12301
-91871
109150
-4897
6111
-126245
-108107
-219151
-2574
-4592
-112402
56476
40037
-2712
-18178
-24938
-2262
110154
122911
75268
-11124
-9200
-41290
-33225
-166918
-7018
-290540
-21886
-11913
-69262
-69066
-205331
-8657
-106580
14966
-324448
13523
-380566
-3725
-1202
-21161
-18612
35389
-31682
-215491
15631
54913
-162544
-24629
257723
-4819
-8308
90525
-150061
-153899
-36300
-56963
-95738
-119560
-84570
57818
61490
87077
90266
-120859
26547
-2036
-136957
39270
62630
-358573
143103
-72417
-675
82165
17892
-343646
35453
41980
83383
-58065
-34873
-311
-2997
39255
-89818
-182988
8433
-128846
17459
42891
-3592
-117522
-91382
-104722
-64676
-27903
24866
-328421
-18631
-4640
-59358
-82430
19954
148391
-225163
-299272
46958
-57133
-23699
-274302
145648
221969
4655
-999
86344
-189331
59065
25212
-21794
-264328
-227209
-43108
3113
-2987
9289
24989
11292
10988
119748
175069
51092
-372975
-21817
103128
-205689
81598
36579
-34270
6548
-2096
10838
2185
-173120
-49815
-12668
-83256
6724
-52963
-111338
4588
99940
106871
-18140
69912
-19069
-155796
66226
749
-7056
8630
-392749
-423873
-348058
-128103
-136283
63196
-57821
-46513
-23072
43916
54895
-65396
-44846
-83161
-53639
-6495
18314
24298
60436
-51951
-230844
-206652
14485
-9245
-79577
-36361
-8685
47722
-273922
-149796
13664
-293
24422
101146
-174800
57107
-102314
26760
-233711
-220110
-124540
-158898
-68730
-239412
-12414
-267592
-11220
-315668
-61697
87966
-201
-53421
-132845
-17297
-10042
13554
36800
861
20207
7882
-6703
-5718
225355
11507
-223795
-11908
-132720
3100
-238638
29463
-127488
-45334
8403
-42083
-96318
-42266
3233
-4291
-201623
-19699
161775
-80530
-51749
-47168
38732
-4112
50673
-159884
-5
-16075
-26902
-34143
-1780
80705
-176991
35039
-130408
41502
-39304
-186168
-53120
-151458
-4775
-87513
47038
-232096
-182220
-2504
73585
-136497
85920
-53115
-14481
-88852
-69328
190819
-33629
-277933
34649
22010
108962
-71850
-187927
50361
371647
-19116
90196
-54788
-24810
-91112
-16116
-2611
-221547
26463
8064
761
60443
60471
-116378
11466
-71330
-13670
-19699
-249963
-168712
23728
229419
-11096
-71468
-10903
-94555
14192
-97909
11934
-29852
-119020
-27388
-20131
-61808
-205764
2300
23386
-60238
-72034
167099
-52013
-174322
-73286
-159759
-57339
-111178
-57288
214652
-93092
-96696
16062
-71097
-161891
9519
-41799
-7914
2665
145288
-1136
-181038
-19968
-13101
-152738
113458
13118
-44998
21395
-460901
53341
-140183
-79931
128949
44085
-92146
32093
3656
74296
97523
-238150
-2977
-2209
-247338
-72084
-127512
204577
-232728
-45935
-9774
-14724
15062
8117
-38883
-24432
-415
-66717
-156009
-15359
-30347
8542
-59259
111439
32457
-193607
-8996
-373251
4087
214273
-30255
-34074
-238723
-255356
-42536
18088
-11371
-25516
24037
1638
116690
-428415
-260672
79674
-85654
36613
-21105
-153649
-1632
-172640
13618
54180
47847
-92064
-182854
-11847
-306816
36191
-289395
-34749
-15088
-4653
-39866
-134164
81371
64989
112552
-29750
14571
80201
-345726
-203074
17798
14376
-235169
-71342
10516
-184605
-102895
-41457
-34409
74628
18818
-24656
-108948
-297592
-70259
-169831
-13413
-33996
44478
-277223
82140
55643
43132
163573
-133869
-5989
8028
26650
-155649
-73115
-61871
27085
-12222
62017
9118
-76975
-133099
-150767
-40289
94058
-391334
42250
153054
-265989
-18426
-11241
44901
6255
128363
104941
56191
2426
-235157
-68493
75364
9623
-14309
127055
156131
-33446
40964
240176
-114480
182
7777
-130786
-104186
-134223
-181499
-41804
1175
30196
-91291
-110903
-18049
-388471
-127178
-515065
-79516
6442
-8171
-117589
-69408
-357988
-17739
150722
